              precision    recall  f1-score   support

           0       0.27      0.18      0.22      1000
           1       0.36      0.30      0.33      1000
           2       0.22      0.44      0.30      1000
           3       0.19      0.03      0.04      1000
           4       0.29      0.10      0.14      1000
           5       0.26      0.37      0.30      1000
           6       0.26      0.17      0.21      1000
           7       0.24      0.39      0.30      1000
           8       0.31      0.32      0.31      1000
           9       0.38      0.49      0.43      1000

    accuracy                           0.28     10000
   macro avg       0.28      0.28      0.26     10000
weighted avg       0.28      0.28      0.26     10000
